Accuracy:
24.5
27.0
34.5
39.5
39.5
55.50000000000001
63.0
63.0
62.5
53.5
70.5
66.0
63.5
67.5
74.0
69.5
67.5
68.0
66.5
68.0
70.0
68.5
77.0
71.0
66.5
70.5
70.0
79.5
65.5
76.0
77.5
81.0
74.5
73.5
78.0
76.5
72.0
71.5
81.0
78.5
78.5
84.0
85.0
82.0
81.5
83.0
79.5
82.0
84.5
83.5
81.5
80.5
81.5
81.5
81.0
83.5
84.0
86.0
84.0
81.0
81.5
83.0
82.5
80.0
83.5
82.0
83.5
84.5
81.5
85.5
82.5
85.0
84.5
83.0
83.0
81.5
82.5
83.5
81.0
84.0
83.5
82.5
83.0
85.5
81.5
83.0
84.0
85.0
81.5
83.0
84.0
84.0
86.0
84.5
83.5
82.0
84.0
84.0
83.5
85.0
