Original
46.285714285714285
48.57142857142857
47.714285714285715
50.57142857142857
50.28571428571429
57.42857142857143
57.14285714285714
57.42857142857143
57.99999999999999
60.857142857142854
62.57142857142857
62.28571428571429
64.28571428571429
66.0
66.57142857142857
68.0
70.85714285714285
68.28571428571428
69.42857142857143
68.85714285714286
71.14285714285714
70.28571428571428
70.28571428571428
70.28571428571428
72.0
73.14285714285714
72.0
71.71428571428572
70.57142857142857
69.14285714285714
70.85714285714285
70.85714285714285
70.57142857142857
70.85714285714285
72.28571428571429
72.57142857142857
73.42857142857143
72.85714285714285
76.0
75.71428571428571
76.0
76.28571428571429
76.57142857142857
77.14285714285715
76.57142857142857
77.71428571428571
78.0
78.0
79.14285714285715
79.14285714285715
80.85714285714286
80.57142857142857
80.85714285714286
81.42857142857143
80.57142857142857
81.14285714285714
81.71428571428572
82.0
81.42857142857143
81.42857142857143
81.71428571428572
82.28571428571428
81.71428571428572
82.28571428571428
82.28571428571428
82.85714285714286
82.85714285714286
82.85714285714286
83.42857142857143
84.0
84.0
84.0
83.71428571428572
84.28571428571429
83.71428571428572
83.71428571428572
83.71428571428572
84.28571428571429
85.14285714285714
85.14285714285714
85.71428571428571
86.0
85.14285714285714
85.42857142857143
85.42857142857143
86.0
86.0
86.0
86.28571428571429
86.85714285714286
86.57142857142858
86.85714285714286
86.85714285714286
88.0
88.0
88.28571428571429
87.71428571428571
88.85714285714286
87.14285714285714
88.28571428571429
87.42857142857143
87.71428571428571
87.71428571428571
88.28571428571429
88.0
88.0
87.71428571428571
87.71428571428571
87.14285714285714
87.14285714285714
86.85714285714286
87.14285714285714
87.14285714285714
87.14285714285714
86.28571428571429
86.85714285714286
86.28571428571429
86.28571428571429
86.28571428571429
86.28571428571429
86.28571428571429
86.28571428571429
86.28571428571429
86.28571428571429
86.28571428571429
86.85714285714286
86.0
86.57142857142858
86.0
86.85714285714286
86.28571428571429
86.28571428571429
86.28571428571429
86.28571428571429
86.0
86.0
85.71428571428571
85.71428571428571
85.71428571428571
85.71428571428571
85.71428571428571
85.71428571428571
85.71428571428571
85.71428571428571
85.71428571428571
85.71428571428571
85.71428571428571
85.71428571428571
85.71428571428571
85.71428571428571
85.71428571428571
85.71428571428571
85.71428571428571
85.71428571428571
85.71428571428571
85.71428571428571
85.71428571428571
85.71428571428571
85.71428571428571
85.71428571428571
85.71428571428571
85.71428571428571
85.71428571428571
85.71428571428571
85.71428571428571
85.71428571428571
85.71428571428571
85.71428571428571
85.71428571428571
85.71428571428571
85.71428571428571
85.71428571428571
85.71428571428571
85.71428571428571
85.71428571428571
85.71428571428571
85.71428571428571
85.71428571428571
85.71428571428571
85.71428571428571
85.71428571428571
85.71428571428571
85.71428571428571
85.71428571428571
85.71428571428571
85.71428571428571
85.71428571428571
85.71428571428571
85.71428571428571
85.71428571428571
85.71428571428571
85.71428571428571
85.71428571428571
85.71428571428571
85.71428571428571
85.71428571428571
85.71428571428571
85.71428571428571
85.71428571428571
85.71428571428571
85.71428571428571
85.71428571428571
85.71428571428571
85.71428571428571
85.71428571428571
85.71428571428571
85.71428571428571
85.71428571428571
85.71428571428571
85.71428571428571
85.71428571428571
85.71428571428571
85.71428571428571
85.71428571428571
85.71428571428571
85.71428571428571
85.71428571428571
85.71428571428571
85.71428571428571
85.71428571428571
85.71428571428571
85.71428571428571
85.71428571428571
85.71428571428571
85.71428571428571
85.71428571428571
85.71428571428571
85.71428571428571
85.71428571428571
85.71428571428571
85.71428571428571
85.71428571428571
85.71428571428571
85.71428571428571
85.71428571428571
85.71428571428571
85.71428571428571
85.71428571428571
85.71428571428571
85.71428571428571
85.71428571428571
85.71428571428571
85.71428571428571
85.71428571428571
85.71428571428571
85.71428571428571
85.71428571428571
85.71428571428571
85.71428571428571
85.71428571428571
85.71428571428571
85.71428571428571
85.71428571428571
85.71428571428571
85.71428571428571
85.71428571428571
85.71428571428571
85.71428571428571
85.71428571428571
85.71428571428571
85.71428571428571
85.71428571428571
85.71428571428571
85.71428571428571
85.42857142857143
85.71428571428571
85.42857142857143
85.42857142857143
84.85714285714285
84.85714285714285
84.85714285714285
85.42857142857143
83.14285714285714
84.0
84.0
83.42857142857143
83.14285714285714
82.57142857142857
82.57142857142857
82.28571428571428
82.0
82.0
82.0
82.0
82.0
82.0
82.0
82.0
82.0
82.0
80.57142857142857
81.14285714285714
80.57142857142857
80.85714285714286
80.57142857142857
80.57142857142857
79.71428571428572
80.28571428571428
80.28571428571428
80.0
79.42857142857143
80.28571428571428
79.71428571428572
80.0
80.28571428571428
80.0
80.28571428571428
78.0
78.0
77.42857142857143
77.14285714285715
74.85714285714286
75.14285714285714
72.85714285714285
72.85714285714285
73.14285714285714
72.28571428571429
72.28571428571429
70.28571428571428
70.28571428571428
70.28571428571428
70.0
66.28571428571428
66.28571428571428
65.42857142857143
65.42857142857143
65.42857142857143
65.42857142857143
65.14285714285715
65.42857142857143
64.28571428571429
64.28571428571429
64.28571428571429
64.28571428571429
64.28571428571429
64.0
64.0
64.0
64.0
64.0
64.0
64.0
64.0
64.0
63.42857142857142
63.42857142857142
63.42857142857142
63.42857142857142
62.857142857142854
62.57142857142857
62.57142857142857
62.57142857142857
62.57142857142857
62.57142857142857
62.0
62.28571428571429
64.0
64.57142857142857
64.85714285714286
65.42857142857143
65.14285714285715
66.85714285714286
66.57142857142857
66.57142857142857
66.28571428571428
66.28571428571428
66.57142857142857
67.42857142857143
67.42857142857143
67.42857142857143
67.14285714285714
66.57142857142857
67.14285714285714
67.71428571428572
67.71428571428572
67.71428571428572
69.14285714285714
69.14285714285714
69.14285714285714
69.71428571428572
70.85714285714285
70.28571428571428
71.14285714285714
71.42857142857143
71.71428571428572
71.71428571428572
71.71428571428572
71.71428571428572
71.42857142857143
71.42857142857143
71.42857142857143
71.42857142857143
71.42857142857143
71.42857142857143
71.42857142857143
71.42857142857143
71.42857142857143
71.42857142857143
71.42857142857143
71.42857142857143
71.42857142857143
71.42857142857143
71.42857142857143
71.42857142857143
71.42857142857143
71.42857142857143
71.42857142857143
71.42857142857143
71.42857142857143
71.42857142857143
71.42857142857143
71.42857142857143
71.42857142857143
71.42857142857143
71.42857142857143
71.42857142857143
71.42857142857143
71.42857142857143
71.42857142857143
71.42857142857143
71.42857142857143
71.42857142857143
71.42857142857143
71.42857142857143
71.42857142857143
71.42857142857143
71.42857142857143
71.42857142857143
71.42857142857143
71.42857142857143
71.42857142857143
71.42857142857143
71.42857142857143
71.42857142857143
71.42857142857143
71.42857142857143
71.42857142857143
71.42857142857143
71.42857142857143
71.42857142857143
71.42857142857143
71.42857142857143
71.42857142857143
71.42857142857143
71.42857142857143
71.42857142857143
71.42857142857143
71.42857142857143
71.42857142857143
71.42857142857143
71.42857142857143
71.42857142857143
57.14285714285714
57.14285714285714
57.14285714285714
57.14285714285714
57.14285714285714
57.14285714285714
57.14285714285714
57.14285714285714
57.14285714285714
57.14285714285714
57.14285714285714
57.14285714285714
57.14285714285714
57.14285714285714
57.14285714285714
57.14285714285714
57.14285714285714
57.14285714285714
57.14285714285714
57.14285714285714
57.14285714285714
57.14285714285714
57.14285714285714
57.14285714285714
57.14285714285714
57.14285714285714
57.14285714285714
57.14285714285714
57.14285714285714
57.14285714285714
57.14285714285714
57.14285714285714
42.857142857142854
42.857142857142854
42.857142857142854
42.857142857142854
42.857142857142854
42.857142857142854
42.857142857142854
42.857142857142854
42.857142857142854
42.857142857142854
42.857142857142854
42.857142857142854
42.857142857142854
42.857142857142854
42.857142857142854
42.857142857142854
42.857142857142854
42.857142857142854
42.857142857142854
42.857142857142854
42.857142857142854
42.857142857142854
42.857142857142854
42.857142857142854
42.857142857142854
42.857142857142854
42.857142857142854
42.857142857142854
42.857142857142854
42.857142857142854
42.857142857142854
42.857142857142854
42.857142857142854
42.857142857142854
42.857142857142854
42.857142857142854
42.857142857142854
42.857142857142854
42.857142857142854
42.857142857142854
42.857142857142854
42.857142857142854
42.857142857142854
42.857142857142854
42.857142857142854
42.857142857142854
42.857142857142854
42.857142857142854
42.857142857142854
42.857142857142854
42.857142857142854
42.857142857142854
42.857142857142854
42.857142857142854
42.857142857142854
42.857142857142854
42.857142857142854
42.857142857142854
42.857142857142854
42.857142857142854
42.857142857142854
42.857142857142854
42.857142857142854
42.857142857142854
42.857142857142854
42.857142857142854
42.857142857142854
42.857142857142854
42.857142857142854
42.857142857142854
42.857142857142854
42.857142857142854
42.857142857142854
42.857142857142854
42.857142857142854
42.857142857142854
42.857142857142854
42.857142857142854
42.857142857142854
42.857142857142854
42.857142857142854
42.857142857142854
42.857142857142854
42.857142857142854
42.857142857142854
42.857142857142854
42.857142857142854
42.857142857142854
42.857142857142854
42.857142857142854
42.857142857142854
42.857142857142854
42.857142857142854
42.857142857142854
42.857142857142854
42.857142857142854
42.857142857142854
42.857142857142854
42.857142857142854
42.857142857142854
42.857142857142854
42.857142857142854
42.857142857142854
42.857142857142854
42.857142857142854
42.857142857142854
42.857142857142854
42.857142857142854
42.857142857142854
42.857142857142854
42.857142857142854
42.857142857142854
42.857142857142854
42.857142857142854
42.857142857142854
42.857142857142854
42.857142857142854
42.857142857142854
28.57142857142857
28.57142857142857
28.57142857142857
28.57142857142857
28.57142857142857
28.57142857142857
28.57142857142857
28.57142857142857
28.57142857142857
28.57142857142857
28.57142857142857
28.57142857142857
28.57142857142857
28.57142857142857
28.57142857142857
28.57142857142857
28.57142857142857
28.57142857142857
28.57142857142857
28.57142857142857
28.57142857142857
28.57142857142857
28.57142857142857
28.57142857142857
28.57142857142857
28.57142857142857
28.57142857142857
28.57142857142857
28.57142857142857
28.57142857142857
28.57142857142857
28.57142857142857
28.57142857142857
28.57142857142857
28.57142857142857
28.57142857142857
28.57142857142857
28.57142857142857
28.57142857142857
28.57142857142857
28.57142857142857
28.57142857142857
28.57142857142857
28.57142857142857
28.57142857142857
28.57142857142857
28.57142857142857
28.57142857142857
28.57142857142857
28.57142857142857
28.57142857142857
28.57142857142857
28.57142857142857
28.57142857142857
28.57142857142857
28.57142857142857
14.285714285714285
14.285714285714285
14.285714285714285
14.285714285714285
14.285714285714285
14.285714285714285
14.285714285714285
14.285714285714285
14.285714285714285
14.285714285714285
14.285714285714285
14.285714285714285
14.285714285714285
14.285714285714285
14.285714285714285
14.285714285714285
14.285714285714285
14.285714285714285
14.285714285714285
14.285714285714285
14.285714285714285
14.285714285714285
14.285714285714285
14.285714285714285
14.285714285714285
14.285714285714285
14.285714285714285
14.285714285714285
14.285714285714285
14.285714285714285
14.285714285714285
14.285714285714285
14.285714285714285
14.285714285714285
14.285714285714285
14.285714285714285
14.285714285714285
14.285714285714285
14.285714285714285
14.285714285714285
14.285714285714285
14.285714285714285
14.285714285714285
14.285714285714285
14.285714285714285
14.285714285714285
14.285714285714285
14.285714285714285
14.285714285714285
14.285714285714285
14.285714285714285
14.285714285714285
14.285714285714285
14.285714285714285
14.285714285714285
14.285714285714285
14.285714285714285
14.285714285714285
14.285714285714285
14.285714285714285
14.285714285714285
14.285714285714285
14.285714285714285
14.285714285714285
14.285714285714285
14.285714285714285
14.285714285714285
14.285714285714285
14.285714285714285
14.285714285714285
14.285714285714285
14.285714285714285
14.285714285714285
14.285714285714285
14.285714285714285
14.285714285714285
14.285714285714285
14.285714285714285
14.285714285714285
14.285714285714285
14.285714285714285
14.285714285714285
14.285714285714285
14.285714285714285
14.285714285714285
14.285714285714285
14.285714285714285
14.285714285714285
14.285714285714285
14.285714285714285
14.285714285714285
14.285714285714285
14.285714285714285
14.285714285714285
14.285714285714285
14.285714285714285
14.285714285714285
14.285714285714285
14.285714285714285
14.285714285714285
14.285714285714285
14.285714285714285
14.285714285714285
14.285714285714285
14.285714285714285
14.285714285714285
14.285714285714285
14.285714285714285
14.285714285714285
14.285714285714285
14.285714285714285
14.285714285714285
14.285714285714285
14.285714285714285
14.285714285714285
14.285714285714285
14.285714285714285
14.285714285714285
14.285714285714285
14.285714285714285
14.285714285714285
14.285714285714285
14.285714285714285
14.285714285714285
14.285714285714285
14.285714285714285
14.285714285714285
14.285714285714285
14.285714285714285
14.285714285714285
14.285714285714285
14.285714285714285
14.285714285714285
14.285714285714285
14.285714285714285
14.285714285714285
14.285714285714285
14.285714285714285
14.285714285714285
14.285714285714285
14.285714285714285
14.285714285714285
14.285714285714285
14.285714285714285
14.285714285714285
14.285714285714285
14.285714285714285
14.285714285714285
14.285714285714285
14.285714285714285
14.285714285714285
14.285714285714285
14.285714285714285
14.285714285714285
14.285714285714285
14.285714285714285
14.285714285714285
14.285714285714285
14.285714285714285
14.285714285714285
14.285714285714285
14.285714285714285
14.285714285714285
14.285714285714285
14.285714285714285
14.285714285714285
14.285714285714285
14.285714285714285
14.285714285714285
14.285714285714285
14.285714285714285
14.285714285714285
14.285714285714285
14.285714285714285
14.285714285714285
14.285714285714285
14.285714285714285
14.285714285714285
14.285714285714285
14.285714285714285
14.285714285714285
14.285714285714285
14.285714285714285
14.285714285714285
14.285714285714285
14.285714285714285
14.285714285714285
14.285714285714285
14.285714285714285
14.285714285714285
14.285714285714285
14.285714285714285
14.285714285714285
14.285714285714285
14.285714285714285
14.285714285714285
14.285714285714285
14.285714285714285
14.285714285714285
14.285714285714285
14.285714285714285
14.285714285714285
14.285714285714285
14.285714285714285
14.285714285714285
14.285714285714285
14.285714285714285
14.285714285714285
14.285714285714285
14.285714285714285
14.285714285714285
14.285714285714285
14.285714285714285
14.285714285714285
14.285714285714285
14.285714285714285
14.285714285714285
14.285714285714285
14.285714285714285
14.285714285714285
14.285714285714285
14.285714285714285
14.285714285714285
14.285714285714285
14.285714285714285
14.285714285714285
14.285714285714285
14.285714285714285
14.285714285714285
14.285714285714285
14.285714285714285
14.285714285714285
14.285714285714285
14.285714285714285
14.285714285714285
14.285714285714285
14.285714285714285
14.285714285714285
14.285714285714285
14.285714285714285
14.285714285714285
14.285714285714285
14.285714285714285
14.285714285714285
14.285714285714285
14.285714285714285
14.285714285714285
14.285714285714285
14.285714285714285
14.285714285714285
14.285714285714285
14.285714285714285
14.285714285714285
14.285714285714285
14.285714285714285
14.285714285714285
14.285714285714285
14.285714285714285
14.285714285714285
14.285714285714285
14.285714285714285
14.285714285714285
14.285714285714285
14.285714285714285
14.285714285714285
14.285714285714285
14.285714285714285
14.285714285714285
14.285714285714285
14.285714285714285
14.285714285714285
14.285714285714285
14.285714285714285
14.285714285714285
14.285714285714285
14.285714285714285
14.285714285714285
14.285714285714285
14.285714285714285
14.285714285714285
14.285714285714285
14.285714285714285
14.285714285714285
14.285714285714285
14.285714285714285
14.285714285714285
14.285714285714285
14.285714285714285
14.285714285714285
14.285714285714285
14.285714285714285
14.285714285714285
14.285714285714285
14.285714285714285
14.285714285714285
14.285714285714285
14.285714285714285
14.285714285714285
14.285714285714285
14.285714285714285
14.285714285714285
14.285714285714285
14.285714285714285
14.285714285714285
14.285714285714285
14.285714285714285
14.285714285714285
14.285714285714285
14.285714285714285
14.285714285714285
14.285714285714285
14.285714285714285
14.285714285714285
14.285714285714285
14.285714285714285
14.285714285714285
14.285714285714285
14.285714285714285
14.285714285714285
14.285714285714285
14.285714285714285
14.285714285714285
14.285714285714285
14.285714285714285
14.285714285714285
14.285714285714285
14.285714285714285
14.285714285714285
14.285714285714285
14.285714285714285
14.285714285714285
14.285714285714285
14.285714285714285
14.285714285714285
14.285714285714285
14.285714285714285
14.285714285714285
14.285714285714285
14.285714285714285
14.285714285714285
14.285714285714285
14.285714285714285
14.285714285714285
14.285714285714285
14.285714285714285
14.285714285714285
14.285714285714285
14.285714285714285
14.285714285714285
14.285714285714285
14.285714285714285
14.285714285714285
14.285714285714285
14.285714285714285
14.285714285714285
14.285714285714285
14.285714285714285
14.285714285714285
14.285714285714285
14.285714285714285
14.285714285714285
14.285714285714285
14.285714285714285
14.285714285714285
14.285714285714285
14.285714285714285
14.285714285714285
14.285714285714285
14.285714285714285
14.285714285714285
14.285714285714285
14.285714285714285
14.285714285714285
14.285714285714285
14.285714285714285
14.285714285714285
14.285714285714285
14.285714285714285
14.285714285714285
14.285714285714285
14.285714285714285
14.285714285714285
14.285714285714285
14.285714285714285
14.285714285714285
14.285714285714285
14.285714285714285
14.285714285714285
14.285714285714285
14.285714285714285
14.285714285714285
14.285714285714285

Normalized
94.28571428571428
90.85714285714286
95.71428571428572
94.0
96.57142857142857
96.0
96.28571428571429
95.71428571428572
96.85714285714285
96.57142857142857
97.14285714285714
96.28571428571429
96.57142857142857
96.28571428571429
96.57142857142857
95.71428571428572
95.71428571428572
95.42857142857143
95.42857142857143
95.14285714285714
95.14285714285714
94.85714285714286
95.42857142857143
94.85714285714286
95.71428571428572
94.85714285714286
95.71428571428572
95.14285714285714
96.0
95.71428571428572
96.0
96.0
96.0
95.71428571428572
95.42857142857143
95.71428571428572
95.71428571428572
95.42857142857143
95.42857142857143
95.14285714285714
95.14285714285714
95.14285714285714
95.14285714285714
95.14285714285714
95.14285714285714
95.14285714285714
95.14285714285714
95.14285714285714
95.14285714285714
95.14285714285714
95.14285714285714
95.14285714285714
94.57142857142857
94.85714285714286
94.57142857142857
94.57142857142857
94.57142857142857
94.85714285714286
94.85714285714286
94.85714285714286
94.57142857142857
94.85714285714286
94.57142857142857
94.85714285714286
94.85714285714286
94.57142857142857
94.57142857142857
94.85714285714286
94.57142857142857
94.28571428571428
94.28571428571428
94.57142857142857
94.57142857142857
94.57142857142857
94.57142857142857
94.57142857142857
94.28571428571428
94.28571428571428
94.28571428571428
94.0
94.28571428571428
94.0
94.28571428571428
94.57142857142857
94.57142857142857
94.28571428571428
94.57142857142857
94.28571428571428
94.28571428571428
94.28571428571428
94.28571428571428
94.0
94.57142857142857
94.28571428571428
94.85714285714286
94.57142857142857
94.57142857142857
94.57142857142857
94.85714285714286
94.57142857142857
94.57142857142857
94.57142857142857
94.57142857142857
94.57142857142857
94.57142857142857
94.57142857142857
94.57142857142857
94.57142857142857
94.57142857142857
94.57142857142857
94.28571428571428
94.57142857142857
94.28571428571428
94.57142857142857
94.57142857142857
94.57142857142857
94.57142857142857
94.57142857142857
94.28571428571428
94.28571428571428
94.28571428571428
94.28571428571428
94.0
94.0
94.0
94.28571428571428
94.0
94.28571428571428
94.0
94.0
94.28571428571428
94.0
94.0
94.28571428571428
93.71428571428572
94.28571428571428
93.71428571428572
93.71428571428572
94.0
94.0
94.0
94.0
94.0
94.0
94.0
94.0
94.0
94.0
94.0
94.0
93.42857142857143
93.71428571428572
93.42857142857143
93.42857142857143
93.71428571428572
93.71428571428572
93.71428571428572
93.71428571428572
93.71428571428572
93.14285714285714
93.71428571428572
93.71428571428572
93.42857142857143
93.71428571428572
93.14285714285714
93.14285714285714
93.42857142857143
93.71428571428572
94.0
93.42857142857143
93.42857142857143
93.71428571428572
93.71428571428572
93.71428571428572
93.42857142857143
94.0
93.42857142857143
93.42857142857143
93.42857142857143
93.71428571428572
93.42857142857143
93.42857142857143
92.57142857142857
92.85714285714286
92.57142857142857
92.57142857142857
92.57142857142857
92.57142857142857
92.57142857142857
92.57142857142857
92.57142857142857
92.57142857142857
92.85714285714286
92.28571428571428
92.57142857142857
92.28571428571428
92.28571428571428
92.28571428571428
92.28571428571428
92.57142857142857
92.28571428571428
92.28571428571428
92.28571428571428
92.28571428571428
92.28571428571428
92.28571428571428
92.57142857142857
92.85714285714286
92.57142857142857
92.57142857142857
92.0
92.28571428571428
92.28571428571428
92.28571428571428
92.28571428571428
92.28571428571428
92.28571428571428
92.28571428571428
92.0
92.0
92.28571428571428
92.28571428571428
92.28571428571428
92.28571428571428
92.57142857142857
92.28571428571428
92.57142857142857
92.57142857142857
92.57142857142857
92.28571428571428
92.28571428571428
92.0
92.0
92.0
92.0
92.0
92.0
92.0
92.0
92.0
92.0
91.71428571428571
91.71428571428571
91.71428571428571
91.71428571428571
92.0
92.0
92.0
92.0
92.0
91.71428571428571
92.0
92.0
91.71428571428571
92.0
91.71428571428571
92.0
92.0
92.0
92.0
92.0
92.0
91.71428571428571
91.71428571428571
91.71428571428571
92.0
92.0
92.0
92.0
91.71428571428571
91.71428571428571
91.71428571428571
91.71428571428571
91.71428571428571
91.71428571428571
91.71428571428571
91.71428571428571
91.42857142857143
91.42857142857143
91.42857142857143
91.14285714285715
91.14285714285715
90.85714285714286
91.14285714285715
90.85714285714286
90.85714285714286
90.85714285714286
90.85714285714286
90.85714285714286
90.85714285714286
90.57142857142857
90.57142857142857
90.57142857142857
90.85714285714286
90.85714285714286
90.85714285714286
90.85714285714286
90.85714285714286
90.85714285714286
90.85714285714286
91.14285714285715
90.85714285714286
90.85714285714286
91.14285714285715
90.85714285714286
90.85714285714286
90.57142857142857
90.57142857142857
90.28571428571428
90.28571428571428
89.71428571428571
90.0
89.71428571428571
89.71428571428571
89.71428571428571
89.14285714285714
89.14285714285714
89.71428571428571
89.42857142857143
89.14285714285714
89.42857142857143
88.85714285714286
88.57142857142857
88.57142857142857
88.0
87.71428571428571
87.42857142857143
87.42857142857143
87.42857142857143
87.14285714285714
87.14285714285714
86.85714285714286
86.85714285714286
86.85714285714286
86.57142857142858
86.28571428571429
86.57142857142858
86.28571428571429
86.28571428571429
86.0
86.0
86.57142857142858
86.85714285714286
86.57142857142858
86.57142857142858
86.57142857142858
86.57142857142858
86.28571428571429
86.28571428571429
86.0
86.0
85.71428571428571
86.0
86.28571428571429
86.28571428571429
86.28571428571429
86.28571428571429
86.28571428571429
86.0
86.0
86.0
86.0
85.71428571428571
85.71428571428571
85.71428571428571
85.71428571428571
85.71428571428571
85.71428571428571
85.42857142857143
84.85714285714285
84.57142857142857
84.28571428571429
84.28571428571429
84.28571428571429
84.28571428571429
84.0
84.0
84.0
84.28571428571429
84.28571428571429
83.71428571428572
83.42857142857143
83.42857142857143
83.42857142857143
83.42857142857143
83.14285714285714
82.85714285714286
83.14285714285714
83.14285714285714
82.85714285714286
82.57142857142857
82.28571428571428
82.0
82.0
81.71428571428572
81.14285714285714
81.71428571428572
82.0
82.28571428571428
82.57142857142857
82.85714285714286
82.57142857142857
82.57142857142857
82.0
81.71428571428572
82.0
82.0
81.71428571428572
81.14285714285714
81.14285714285714
81.14285714285714
80.85714285714286
80.57142857142857
81.42857142857143
82.0
81.42857142857143
80.85714285714286
80.28571428571428
79.71428571428572
79.42857142857143
80.57142857142857
80.57142857142857
80.57142857142857
80.85714285714286
80.0
80.0
80.0
79.71428571428572
79.42857142857143
78.85714285714286
78.57142857142857
78.28571428571428
78.28571428571428
77.71428571428571
78.28571428571428
78.57142857142857
78.57142857142857
78.85714285714286
78.57142857142857
78.57142857142857
78.28571428571428
78.0
78.0
78.0
78.28571428571428
78.28571428571428
78.28571428571428
78.85714285714286
79.14285714285715
78.85714285714286
78.28571428571428
78.0
78.57142857142857
78.28571428571428
78.0
77.42857142857143
76.0
76.0
74.85714285714286
74.28571428571429
73.71428571428571
74.0
73.14285714285714
73.42857142857143
72.85714285714285
72.0
71.71428571428572
72.0
71.71428571428572
69.71428571428572
68.85714285714286
68.0
67.42857142857143
68.28571428571428
68.0
68.85714285714286
68.57142857142857
67.42857142857143
67.14285714285714
66.57142857142857
66.57142857142857
66.85714285714286
66.85714285714286
66.85714285714286
66.85714285714286
67.14285714285714
67.14285714285714
67.42857142857143
67.42857142857143
67.71428571428572
67.71428571428572
67.42857142857143
67.42857142857143
66.85714285714286
67.14285714285714
67.14285714285714
67.14285714285714
67.14285714285714
67.42857142857143
67.42857142857143
68.0
67.71428571428572
67.42857142857143
67.42857142857143
66.85714285714286
66.57142857142857
66.28571428571428
65.71428571428571
65.14285714285715
65.14285714285715
65.14285714285715
64.28571428571429
64.0
63.714285714285715
64.0
64.0
64.28571428571429
64.0
64.0
63.42857142857142
63.142857142857146
62.57142857142857
61.71428571428571
62.0
61.71428571428571
62.0
62.28571428571429
62.57142857142857
63.142857142857146
63.42857142857142
63.42857142857142
62.57142857142857
62.28571428571429
62.28571428571429
62.28571428571429
62.0
62.0
61.42857142857143
61.71428571428571
61.142857142857146
61.142857142857146
60.857142857142854
61.142857142857146
60.857142857142854
61.142857142857146
61.42857142857143
61.42857142857143
61.42857142857143
61.142857142857146
61.42857142857143
61.42857142857143
61.42857142857143
60.857142857142854
60.857142857142854
60.57142857142858
60.285714285714285
61.142857142857146
60.57142857142858
60.285714285714285
60.0
60.285714285714285
60.285714285714285
60.57142857142858
60.857142857142854
60.857142857142854
60.857142857142854
60.857142857142854
60.57142857142858
60.857142857142854
60.285714285714285
60.285714285714285
60.57142857142858
60.285714285714285
60.285714285714285
60.285714285714285
60.0
60.0
60.0
60.285714285714285
59.71428571428572
60.0
59.71428571428572
59.71428571428572
59.71428571428572
59.42857142857143
59.71428571428572
60.0
59.71428571428572
59.42857142857143
59.42857142857143
59.71428571428572
60.0
60.0
60.285714285714285
60.285714285714285
60.285714285714285
60.57142857142858
60.285714285714285
60.285714285714285
59.71428571428572
59.71428571428572
60.0
59.71428571428572
59.71428571428572
59.14285714285714
59.42857142857143
59.71428571428572
59.71428571428572
59.71428571428572
60.0
60.0
59.71428571428572
59.71428571428572
59.71428571428572
59.71428571428572
59.71428571428572
59.71428571428572
59.42857142857143
59.71428571428572
59.71428571428572
59.71428571428572
58.857142857142854
58.57142857142858
58.57142857142858
58.57142857142858
58.857142857142854
59.14285714285714
58.857142857142854
58.285714285714285
57.99999999999999
58.285714285714285
58.285714285714285
58.285714285714285
58.285714285714285
58.285714285714285
58.285714285714285
58.285714285714285
57.99999999999999
57.99999999999999
58.285714285714285
58.285714285714285
58.285714285714285
57.99999999999999
57.714285714285715
57.714285714285715
57.714285714285715
57.42857142857143
57.42857142857143
57.42857142857143
57.14285714285714
57.14285714285714
57.42857142857143
57.42857142857143
57.14285714285714
56.85714285714286
56.85714285714286
56.85714285714286
56.85714285714286
56.85714285714286
56.85714285714286
56.85714285714286
56.85714285714286
56.85714285714286
56.85714285714286
56.85714285714286
56.57142857142857
56.85714285714286
56.85714285714286
56.85714285714286
56.85714285714286
56.57142857142857
56.57142857142857
56.57142857142857
56.57142857142857
57.14285714285714
57.714285714285715
57.42857142857143
57.714285714285715
57.714285714285715
57.99999999999999
57.99999999999999
57.99999999999999
57.714285714285715
57.42857142857143
57.714285714285715
57.714285714285715
57.42857142857143
57.14285714285714
57.14285714285714
57.14285714285714
57.14285714285714
56.85714285714286
56.85714285714286
56.57142857142857
56.57142857142857
56.285714285714285
56.285714285714285
56.00000000000001
56.00000000000001
56.00000000000001
56.00000000000001
56.285714285714285
56.57142857142857
56.57142857142857
56.00000000000001
55.714285714285715
55.714285714285715
55.42857142857143
55.42857142857143
55.42857142857143
55.14285714285714
55.14285714285714
55.42857142857143
55.42857142857143
56.00000000000001
56.00000000000001
56.285714285714285
56.285714285714285
56.85714285714286
57.14285714285714
57.99999999999999
58.285714285714285
57.99999999999999
58.57142857142858
58.57142857142858
58.857142857142854
58.57142857142858
58.57142857142858
58.857142857142854
58.857142857142854
58.857142857142854
59.42857142857143
59.14285714285714
59.14285714285714
59.71428571428572
59.71428571428572
59.71428571428572
60.0
60.0
60.285714285714285
59.71428571428572
60.0
60.285714285714285
60.57142857142858
60.57142857142858
60.57142857142858
60.857142857142854
60.857142857142854
60.857142857142854
61.142857142857146
61.142857142857146
61.142857142857146
61.42857142857143
61.42857142857143
61.42857142857143
61.71428571428571
62.0
62.0
62.0
62.0
61.71428571428571
61.71428571428571
61.71428571428571
61.71428571428571
61.71428571428571
61.71428571428571
61.71428571428571
61.42857142857143
61.71428571428571
61.71428571428571
61.42857142857143
61.71428571428571
62.0
62.28571428571429
62.28571428571429
62.28571428571429
62.28571428571429
62.28571428571429
62.57142857142857
62.57142857142857
62.857142857142854
62.857142857142854
62.57142857142857
62.57142857142857
62.57142857142857
62.857142857142854
63.142857142857146
63.142857142857146
63.142857142857146
63.142857142857146
63.714285714285715
63.714285714285715
64.0
64.0
64.0
64.0
63.714285714285715
64.0
64.0
64.0
63.142857142857146
63.142857142857146
62.57142857142857
62.0
62.0
61.142857142857146
60.857142857142854
60.285714285714285
60.0
60.0
59.71428571428572
58.57142857142858
57.99999999999999
57.14285714285714
56.285714285714285
55.14285714285714
53.714285714285715
52.28571428571429
51.142857142857146
50.0
49.42857142857143
47.714285714285715
47.42857142857143
47.14285714285714
46.85714285714286
46.85714285714286
46.57142857142857
46.285714285714285
46.285714285714285
46.0
45.714285714285715
45.42857142857143
45.14285714285714
45.14285714285714
45.14285714285714
44.57142857142857
44.285714285714285
44.0
43.714285714285715
43.42857142857143
43.42857142857143
43.142857142857146
42.57142857142857
42.57142857142857
42.285714285714285
41.42857142857143
41.14285714285714
41.14285714285714
41.14285714285714
40.85714285714286
40.285714285714285
40.285714285714285
39.714285714285715
39.14285714285714
39.14285714285714
38.57142857142858
38.285714285714285
37.714285714285715
37.714285714285715
37.714285714285715
37.42857142857143
37.42857142857143
37.42857142857143
37.42857142857143
37.42857142857143
37.42857142857143
37.142857142857146
36.857142857142854
36.857142857142854
36.857142857142854
36.57142857142857
36.285714285714285
36.285714285714285
36.285714285714285
36.0
36.0
36.0
36.0
36.0
36.0
36.0
36.0
36.0
36.0
36.0
36.0
35.42857142857142
35.42857142857142
35.14285714285714
34.85714285714286
34.0
33.714285714285715
33.714285714285715
33.14285714285714
32.57142857142858
32.0
30.857142857142854
29.142857142857142
28.285714285714285
16.857142857142858
16.57142857142857
16.28571428571429
15.714285714285714
15.714285714285714
15.428571428571427
15.428571428571427
15.142857142857144
15.142857142857144
15.142857142857144
15.142857142857144
15.142857142857144
15.142857142857144
15.142857142857144
15.142857142857144
15.142857142857144
15.142857142857144
15.142857142857144
15.142857142857144
15.142857142857144
15.142857142857144
15.142857142857144
15.142857142857144
15.142857142857144
15.142857142857144
15.142857142857144
15.142857142857144
15.142857142857144
15.142857142857144
15.142857142857144
15.142857142857144
15.142857142857144
15.142857142857144
15.142857142857144
15.142857142857144
15.142857142857144
14.857142857142858
14.857142857142858
14.857142857142858
14.857142857142858
14.857142857142858
14.857142857142858
14.857142857142858
14.857142857142858
14.857142857142858
14.857142857142858
14.857142857142858
14.857142857142858
14.857142857142858
14.857142857142858
14.857142857142858
14.857142857142858
14.571428571428571
14.571428571428571
14.571428571428571
14.571428571428571
14.571428571428571
14.571428571428571
14.571428571428571
14.571428571428571
14.571428571428571
14.571428571428571
14.571428571428571
14.571428571428571
14.571428571428571
14.571428571428571
14.571428571428571
14.571428571428571
14.571428571428571
14.571428571428571
14.571428571428571
14.571428571428571
14.571428571428571
14.571428571428571
14.571428571428571
14.571428571428571
14.571428571428571
14.571428571428571
14.571428571428571
14.571428571428571
14.285714285714285
14.285714285714285
14.285714285714285
14.285714285714285
14.285714285714285
14.285714285714285
14.285714285714285
14.285714285714285
14.285714285714285
14.285714285714285
14.285714285714285
14.285714285714285
14.285714285714285
14.285714285714285
14.285714285714285
14.285714285714285
14.285714285714285
14.285714285714285
14.285714285714285
14.285714285714285
14.285714285714285
14.285714285714285
14.285714285714285
14.285714285714285
14.285714285714285
14.285714285714285
14.285714285714285
14.285714285714285
14.285714285714285
14.285714285714285
14.285714285714285
14.285714285714285
14.285714285714285
14.285714285714285
14.285714285714285
14.285714285714285
14.285714285714285
14.285714285714285
14.285714285714285
14.285714285714285
14.285714285714285
14.285714285714285
14.285714285714285
14.285714285714285
14.285714285714285
14.285714285714285
14.285714285714285
14.285714285714285
14.285714285714285
14.285714285714285
14.285714285714285
14.285714285714285
14.285714285714285
14.285714285714285
14.285714285714285
14.285714285714285
14.285714285714285
14.285714285714285
14.285714285714285
14.285714285714285
14.285714285714285
14.285714285714285
14.285714285714285
14.285714285714285
14.285714285714285
14.285714285714285
14.285714285714285
14.285714285714285
14.285714285714285
14.285714285714285
14.285714285714285
